66 89
44.0 62.0
49.0 69.0
57.0 65.0
44.5 61.0
46.0 62.0
48.0 62.0
50.0 62.0
53.0 62.0
53.0 60.0
54.0 62.0
55.0 62.0
57.0 62.0
61.0 62.0
63.0 62.0
64.0 63.0
64.0 67.0
63.0 68.0
60.0 68.0
57.0 68.0
55.0 68.0
54.0 68.0
53.0 70.0
50.0 71.0
52.0 69.0
50.0 70.0
48.0 70.0
46.0 70.0
44.0 70.0
44.0 42.0
48.0 41.0
51.0 42.0
46.0 43.0
48.0 43.0
50.0 43.0
52.0 43.0
54.0 43.0
54.0 42.0
56.0 43.0
56.0 45.0
60.0 43.0
60.0 44.0
64.0 43.0
64.0 46.0
64.0 49.0
60.0 49.0
56.0 49.0
54.0 50.0
52.0 50.0
53.0 51.0
50.0 52.0
48.0 51.0
44.0 51.0
44.0 33.0
42.0 33.0
48.0 31.0
50.0 33.0
53.0 32.0
54.0 30.0
52.0 30.0
56.0 30.0
60.0 30.0
63.0 30.0
63.0 27.0
63.0 24.0
60.0 24.0
56.0 24.0
0 4
0 3
0 31
0 28
1 23
1 24
1 47
1 50
1 54
1 58
2 11
2 18
2 38
2 45
2 65
2 59
4 5
5 6
6 7
7 8
7 9
7 34
9 10
10 11
11 12
12 13
13 14
13 41
13 63
14 15
15 16
15 43
15 61
16 17
17 18
18 19
19 20
20 21
20 23
21 22
22 24
23 47
24 25
25 26
26 27
27 51
27 52
28 29
29 30
29 32
30 34
31 32
32 33
33 34
34 35
35 36
35 37
37 38
37 39
38 40
40 41
41 42
41 63
42 43
43 44
43 61
44 45
45 46
46 48
46 47
47 49
48 49
49 50
50 51
51 52
52 53
52 54
54 55
55 56
55 58
56 57
57 58
57 59
59 60
60 61
61 62
62 63
63 64
64 65
